000000000000000000000000001000000000000000000001100000000000000
000000000000000000000000000000000000000000000000000000000000000
000000100000000001000000010000000100100100000000000000000000000
000000000000000000000000000000000000000000000000001000000000000
000000000000000000000000000000000000000000000000000000000000000
000000000000010000000000001000001000000000000001000000000010001
001000000000000001001000000100100000100101001000000000000100100
000000000000010001100000000000000000000000000000000000000100000
000000000000000000000000000000100000000000000010010000000000000
000000000000010000001010010010000010000000010000001000000000000
000000000000000000000000010000001000000000000000000000000000000
000000000000000000001001000000001000000100000011000010001010000
000000000000011001100010010000000000100000000000000000000000000
000001010100100001101010000010011001100101110011001010001000010
000000000000100000000000000000000000000000000000000100000000000
000000000000000000010000000000000100000000001000000000000000000
000000000000000000000000000000000010000000000000000000000000000
001000110000110000100000110010100100100000010001000010100000100
000000010000110001000000000000000000000000000000000000100000000
000000000000000100000000000001100011100000000000000010001000100
000000100101010000000000010100000100010000001010000100000100000
000000000000000000000001000000000000000000000000000000000000000
000000000100110000000000000000001000100000000000000000000000000
000000000001000000000100000000001000000000000000000000000000100
000000000000000001000000000000100000000000000001000000000100000
001000000110100001001000000000011000100100000010000100000000000
100001000000000000000000000000001000000000000001100000001000000
000000100000000000001000000000001100100000001001000000001000000
000000000100010001000000000001000010000000000010000100000000000
000000000000000000010000000010000010000000000000000000000000100
000000101000000001010000100000000101001000010000110000000100100
000000000000010000000000010000000000000000100000000000001000000
000001000011010000000011011100000000110001000110100110000000000
001000000000000101001000000100100001100101000100000010000110000
000000000100000010010000000011000001000000100000000000001100100
000000000000010000010000000000100110000000000001100010000000100
001000100000110001010010010100001100000100001000000010101010100
000000000000000000001000000000001000000000000000000100000100000
000000000000000000000000000000100000000000000000000000000000000
001000100001010000000000010000000100100001010000000100100000000
000000000000000000000000000000000000000000010000001100000000000
000000100000010000000000000000001100000100000010100100000000000
000000000000010000000000000000010010000000000010000000001000100
000000000100010001000000000000100000000110000000000100100000100
000000100000000100001000000100000000100000000000000000000100000
000000000000000000000000000000001100000000000010000000000000000
000000001001010000001000010010001000000001100100000100000000000
100001000001010001000000101100000001000000000000100000101000000
100000000000000000000000001000101001000001000001000000001000000
000000001000000000000000000000100000000000000000000000000000000
000100000100010000000000000000000000000010000000000100010000000
000000000000001000001000010010001000010111010010001000000100110
000000000001010001010000000000001101100000000000000000000000100
000000000000000000000000000000000000000000000000000000000000000
000000000000000001100000000000000000100100010001000000000000100
000000000000000000000000000000000000000000000000001000000011000
000000000001010000010000001100010010100000100001100000000010000
000000110000000000001000100000100110010000001000000100000010000
000001000001000000000000000000000100100000000000000000011100000
000000000000000000000000000000000000000000000000000000010000000
000000100000000001010001000001100011100000110000000110100000000
000000000000010000000000000000000000000000000000000100000000000
000001000000000000000000000000000000000000000000000000000000000