0000000000000000000000000010000
0000000000000000000000000000000
0000001000000000010000000100000
0000000000000000000000000000000
0000000000000000000000000000000
0000000000000100000000000010000
0010000000000000010010000001001
0000000000000100011000000000000
0000000000000000000000000000001
0000000000000100000010100100100
0000000000000000000000000100000
0000000000000000000010010000000
0000000000000110011000100100000
0000010101001000011010100000100
0000000000001000000000000000000
0000000000000000000100000000000
0000000000000000000000000000000
0010001100001100001000001100101
0000000100001100010000000000000
0000000000000001000000000000011
0000001001010100000000000101000
0000000000000000000000010000000
0000000001001100000000000000000
0000000000010000000001000000000
0000000000000000010000000000001
0010000001101000010010000000000
1000010000000000000000000000000
0000001000000000000010000000000
0000000001000100010000000000010
0000000000000000000100000000100
0000001010000000010100001000000