00000000000000000000000000100000000000000000000110000000000000000000000000000000000000000000000000000000000010000000000000000000000000000000000000000000000010000000000000000000000000000000000000000000000000000000000000000000000000000000000000000001000000
00000000000000000000000000000000000000000000000000000000000000000000000000000000000000000000000000000000000000000000000000000000000000000000000100000000000000000000000000000000000000000000000000000000000000000000000000001000000000000000000000000000000000
00000010000000000100000001000000010010010000000000000000000000001100100000000110000010000000000010000000000000000000000000010000000001000001010000000000000000100000001000000100000000000010000100000000000000000000000000000000000000000000000100000100000000
00000000000000000000000000000000000000000000000000100000000000001000000000000000000000011000000000000000000000100000000010000000000000000000000000010000000000000000000000000000000000000000000000000000000000000000000000000000000000000000000000000000000000
00000000000000000000000000000000000000000000000000000000000000000000000000000000000001000000010000000000000000000000000000000000000000000000000000000000000000001000000000000000000000000000000000000000100000000000010000000000000000000100000000000000100000
00000000000001000000000000100000100000000000000100000000001000100000000000100000000000000000000000000000000000101000000000000000000010000000000000100001000010100000000000000000000000000000000000000000000000000000000000010000000000000000000100000010000000
00100000000000000100100000010010000010010100100000000000010010001100110000100100000010011000000000000000000000000110000011010000000001000100010000100000001101100000000000000000000000000010100100001100010000000000000000000000001100000000000000000000000000
00000000000001000110000000000000000000000000000000000000010000000000000100000000000000000000000000000000000000000000000000000000000000000001100000000000000000000100000000000000000010000000000000000000001010000000000000000000000100000011000000000000000000
00000000000000000000000000000010000000000000001001000000000000000000000000000000100000000001010000000000000000000000000000000000001000000000000000000000000000000000000010000000000000000000000000000000000000000000000000000000000000000010000000000000000000
00000000000001000000101001001000001000000001000000100000000000001100100000000100000000001000000001001000010000000010000011000000010010000100011000000000000000000010001000010000000100001010100100000100001000000001000000000000011100000000000000000000000000
00000000000000000000000001000000100000000000000000000000000000001000100000100000000000000000000000001000000000000000000010110000000000000000000000000000000000000000001000000000000000000000000000000100000010000000000000000000000000000000000100000000000000
00000000000000000000100100000000100000010000001100001000101000000100000000000000000000000000000001000000000000000000000000000000000000000000000100110010000100000000000010010000000000000000000100000000000000000000000000000000001001000011001000000000000000
00000000000001100110001001000000000010000000000000000000000000001000010100100110000000000000000001001000000000000000000110010000000010000001010000000000000000000000000000000100000010000010001000000100000000000000000000000000100101000010000100000100000000
00000101010010000110101000001001100110010111001100101000100001001010110101100101000110011000000000001000111010100010000110110000000010000001110000111010010010100110001000000100000110100010101100001110001010000000100000000001101100000011000101000110000000
00000000000010000000000000000000000000000000000000010000000000000000000000000100000000000000000000000000010000000000000000000000000000000000000000010000000000000000000000000000000000000000000000000000000000000000000000000000000000000000000000000000000000
00000000000000000001000000000000010000000000100000000000000000000000000000000000000000000001000000000000000000000000000010000000000000000000000000000000000100000000000000000000000000000000000000000000000000000010000000000000000000000000000000000000000100
00000000000000000000000000000000001000000000000000000000000000000000000000000000000000000000010000000000000000000000000000000000010000000000000000000000000000001000000000000000000000000000000000000000000000000000000000000000000000000000000000000000000000
00100011000011000010000011001010010010000001000100001010000010001000000100100101000010010000000010000001000000000010000110010000010010001011110000001001010010100100010010010100000010000010101000000100000000000000000000000000100101000010000011000110000000
00000001000011000100000000000000000000000000000000000010000000000000000100100001000000000000000000000000000000000000000100010000000010000001110000001000010000000100000000000100000010000000000000000000000000000000000000000001100000000010000101000101000000
00000000000000010000000000000110001110000000000000001000100010001000010000000000000000010000100100000010000000000000000001001000000000000100000000100000001101011000000010000000000000000000000000000000000000000000100000000000000000000100000000000001010100
00000010010101000000000001010000010001000000101000010000010000001110110011000110000000010000001101001000000000000010000010000000010010000000001000000010010000000010001000110000000100100010101100000100000010000000000100000000010001000010000000000100000001
00000000000000000000000100000000000000000000000000000000000000000000000000000000000000000000000000000000001000000000000000000001000000000000000000010000000000000000000000000000000000000000000000000000000000000000000000000000000000100000000000000000000000
00000000010011000000000000000000100010000000000000000000000000001000100100000000000000000000000000001000000000000001000010110000000000000000010000000000000000000000001000000000000000000000000000000000001000000000000000000000100100000000000000010000000000
00000000000100000000010000000000100000000000000000000000000010000000010000001000000000011000000000000000001000000000010001100000000000000100000010110000000000000000001000000000000100000000100100000000000000000000100000100000000000100000000000000010000000
00000000000000000100000000000010000000000000000100000000010000000000000000000000000000000000010000000000000000000000000001000000000000000000000000000000000000000000000010000000000000000000000000000000000000000000001000000000000000000000010000000000010000
00100000011010000100100000000001100010010000001000010000000000001100100000000100000000001000100000000000000000100010000011010000000001000000000000000000000000000000000010010000000000100010100100001001000010000000000000000000001001000000000000000000000000
10000100000000000000000000000000100000000000000110000000100000000000000000000000000000000000100000000000000010000000000001000000000000000100000000000000000110001001000000000000000000000000000000000010000000000000000000000000000000010011000000000001000000
00000010000000000000100000000000110010000000100100000000100000001100000000000100000000100000000000000000000000000010000011010001010001000000001000000000000000000000000010000001000000000010000000000001010000000000000000000000000100000000000000000000000100
00000000010001000100000000000100001000000000001000010000000000001000100000000000000000000000000000000000000000000010000010010000000000000000000000000000000000100000000000000000000010000000000000000100000000000100000000000000000000000000000000000101000010
00000000000000000001000000001000001000000000000000000000000010001000000000000000000000000000001100000000000011000000000000000000000000000100000000000000001100011000000000000000000100000000000000000000000000000000000000000000000000000100000000000000010010
00000010100000000101000010000000010100100001000011000000010010001001010000000000000000000000000010000000000000000000000111001100001001000110010000110000000111100001010010000000000000000000000100001010000100100010000000011010000010000011010110100001100100
00000000000001000000000001000000000000000010000000000000100000001000000000000000000000000000100000000000000000000000000000000001000000000000001000000000000100000000000000000000000000000000000000000100010000000000000000000000000000000000000001000000000000
00000100001101000000001101110000000011000100011010011000000000010100110110101100000000011100000000000000010000100010000011111001000111100100000010110000000000100001001001000000001100110000000100001101000010010000000100000101001000010000000000000100000100
00100000000000010100100000010010000110010100010000001000011000001100110100000100000000001000001000000010110000000010110011101000000001000100000000110000000001000000000001000000001000010000100000001010000010000010100000110000001000000000000100000000000100
00000000010000001001000000001100000100000010000000000000110010001000000000000000000001010000000100000001000000000000000010000000010000000100000000000000000110011000000000000000000100000000000000000100000010000000000000000100000000000000000010000000010100
00000000000001000001000000000010011000000000000110001000000010001000000000000000000000000000000000000000000000000000000011000000010000000100000000100000000100000000000000000000000000000000000000001100000000000000000000000000000000000000000000000001000100
00100010000011000101001001010000110000010000100000001010101010001010000100100100000010000000000000000010000000101010000111010001010011001000011000100000010101100000000010000000000000000010001100001100011000000010010000000000011100000010000100010010010100
00000000000000000000100000000000100000000000000000010000010000000000000010000000000000000000001000000000000000000000000000000000000000000000001000000000000000000000000000000000000000100000000000000000000000000000000000000000000001000000000000000000000000
00000000000000000000000000000010000000000000000000000000000000000000000000000000000000000000000000000000000000000000000001000000000000000000000000000000000000000000000000000000000000000000000000000000000000000000000000000000000000000000000000000000000000
00100010000101000000000001000000010010000101000000010010000000001100100000100010000000010000000000000000000000000010000010010000010011001000010000000000000001000000000000010000000000000010100100000100000000000000000000000000001100000010000000000100000000
00000000000000000000000000000000000000000001000000110000000000000000000000000000000000010000000000001000000000000001000110000000000000010000000000000000000000000010000000000000000000000000001000000000000000000000000000000000100000000000000000000000000000
00000010000001000000000000000000110000010000001010010000000000001000000000100000000000000000000000001000000000000000000010000000000000000000010000000000000000000000000000000000000000000010001100000000000000000000000000000000000000000010000000000100000000
00000000000001000000000000000001001000000000001000000000100010001000000000000000000000010000000000100000000000000000000010000000000000000000000010000000000100001000001000000000000100000000100100000000000000000000000000000000000000000000000000011000000000
00000000010001000100000000000010000000011000000000010010000010001000100100100010000000000000000010000000000000000010000010000000010010000000000000000001000000100100000010000000000100000000001000000000000010000000000000000000000101000010000000000100000000
00000010000000010000100000010000000010000000000000000000010000000000000000000000000000000000000000000010000000000100000000000000000000000000000000000000000000000010000000000000000000000000000000000000000000000000000000000100011000000000000000000101000000
00000000000000000000000000000000110000000000001000000000000000000000000000001000000000010000100000010010000000000000010010001000000000000100000000010000000000000000001000000000000000000000100100000000001000000000000000100000000000000010000000010000000000
00000000100101000000100001001000100000000110010000010000000000000100110100100100000010000001000100001000011000000010100011110000000011100100000000110000000000100000001011000000000000100000100100101100010010000000000000100100001100100010000100000001000000
10000100000101000100000010110000000100000000000010000010100000000001010100000000000000000000100000000000000010000000000001000000001000000000000001001000000110000101000010011000001000010000000100001010010000000000000010000000000000000111000000000001000000
10000000000000000000000000100010100100000100000100000000100000000000000100000000000000000000010000000000110010000000000000000000000000000000000100000000000110000000000100001000001000010000000010000010000000000000000010000010000000000011010000000001000000
00000000100000000000000000000010000000000000000000000000000000000000000000000000100000000000000000000000000000000000000000000000001000000000000000000000000000000000000010000000000000000000000000000000000000000000000000000000000010000000010000000001000000
00010000010001000000000000000000000000001000000000010001000000010100100000001000000010001000000000000000000000100011000011100000000100100000000100110000000000000000000001000000000100100000000100100000000010000000100000010100001000000000001000000000000000
00000000000000100000100001001000100001011101001000100000010011001000100010100100000100001000101001011000010010000000000110010000010001000100011000100000000010100100001000000000000000100011100100101111010011000000000000000100010101000010010000000000000000
00000000000101000101000000000000110110000000000000000000000010001000000000000100000010010000000000000000000000100000000000001000000000000100001000000000000010000000000000000000000000000000000100000000000010000000000000011000000100000000000100000010010000
00000000000000000000000000000000000000000000000000000000000000000000000000000000000000000000000000000001000000001000000000000000001000000010000000000000000000000000010000000000000000000100001000000000000000000000000000000000000000000000000010000000000000
00000000000000000110000000000000000010010001000100000000000010000000000100100100000000000000000000000000000010000010000000000000000000000000100000001000000001000000000000000000000010000000000000001000000000000000000000000000000000000010000000000001000000
00000000000000000000000000000000000000000000000000100000001100001000000000000000010000000010000000000000000100000000000010000000000000000100000000000000000000000000000000010000000000000000000000000000000000000000000000000100000000000010000000000000000000
00000000000101000001000000110001001010000010000110000000001000001011010000001000000001010001100100010000101010001010010000101000000000000100000101110000000110100000000000001000000100000000011100000010000000010000110010110110001100010111010010010011011100
00000011000000000000100010000010011001000000100000010000001000001000000000000000000000000000000000000000000000000000000010000000010010000000010000000010001100001010000000100010000000000000100000000000000000000010000100000000010001000100000000000000000011
00000100000100000000000000000000010010000000000000000001110000000000000000000000000001101000000000000010001010000100000000100000000000000000000000000000000010100000000000010000000000100000000000001001001010000000000000100100000000000000001000000000000000
00000000000000000000000000000000000000000000000000000001000000000000000000000000010001000000000000000000000000000000000000000000000000000000000000000000000000000000000000000000000000000000000000000000000000000000000000000000000000000000000000000000000000
00000010000000000101000100000110001110000011000000011010000000001000110001000100000000011001100100010000000000000000100111000000000100000100011011110000010100011000100000000000000100000000100000001100010000000010000001010100001100000011000010011110010100
00000000000001000000000000000000000000000000000000010000000000000000000000000000000000000000000000000000000000000000000010000000000011000000010000000000000000000000000000000010000000000000000100000100000000000010000100000000010001000010000001000000000001
00000100000000000000000000000000000000000000000000000000000000000000000001000000000000000000000000000000000000000000000000000000000000000000000000000000000000000000000000000000000000000000000000000000000010000000000000000000000000000000000000000010000000
00000000000000000000000000000000100000000000000000100000000000000000000000000000000000000000000000000000000000000000000000000000000000000000000000000000000000000000000000000000000000000000000000000000000000000000000000000000000000000000000000000000000000
00110010011011000101101001011111011110010111000000011001110010000101110010100110000110011001101111110010111000100010100111111001000011000100011010110000001101111100001011001000000100100011101100001110011010000000010000010101101110000001011100000111010100
00100010010100000000100001010000110000010000001000100000000000001000100000000100000010011000000000000000001000100010000010100001000000000000000000010000000000000000000000010000000000100000100100000101000010000010100000000100100000000000000100001000000000
00000000000001000000100000000000000010000000000000000000100000000000000001100000000000000000100000000000100000000010000000000000000001000000000000000000000010100000010000000000000000000000001000000010000010000000000000000000000000000000000010000110000000
00000000000000000000000000000010000000000000000100000000100000001000000000000000000000000000000000000000000001000000000000000100000000000000010000000000000100001000000000000000000000000000000000000000000000000010000000000000010000000010000001000000000000
00100010011001000000101001001000110000010001001000110000000010001100000100100110000110011000000001101000001000100010000011011000010011000001010000110000010010000000001000000000000100100000100100000100001010000100100000100001001000000011000000000100000000
00000010000011000001100100000010110000000000001100000000100010001000000000000000000000010000000000000000000000000000010011001000000000000100000010000001010101000010001010010010000000000010000100000100000000000100000000100000000100000010000001000000000000
00000000000000000000000000000000000000000000000000000000000000000000000000000000000000000000000101000000000000000000000000000000000000000000000001000000000000001000000000000000000000000000000000000000000000000000010000000000000000000000010000000000010000
00000001000011000110001000000000110010000001001110000010000000000000100000000011000100000000100000000000000000100010000010010000010011000001110000001001000000100100001000000100000010000010100100000000000000000000000000000001100100000011000100000100000000
00000000000000000000100000000000100001000000000000010000000000001000000000000010000000000000000000001000000000000000000010000000000000000000000000000010000000000000000000000000000000000000001000000000000000000000000000000100000001000010000000000000000000
00000000000001000000100000000000000000000000000000000000000010100010000000000100000000000000000000000000000100000010000000000001000000000001000000000000000000000000000000000000000000100010000000000000000000000000000000000101000000000110000000000010000000
00000110001011000110000000000000100010010101001000010010000000001010100000000100100010000000000000000000000000100010000000010000000011000000010000000001000000000010001000000100000000100010001000000100000000000000000000000001100100000000000100000000000000
00000000000000000000000000000000000000000000000000000000000000000000000000000000000000000000000000000000000000000000000000000000000000000000000010000000000000000000000000000000000000000000000000000000000000000000000000000000000000000000000000000000000000
00000000000000000000000100000000100000000000010000100000100000000000000000000000000000010001011000000000001000010000010001100000000000000100000000100000000000000000001000000000000100100000100100100000000000000000001010110000000000000010000000010000000000
00100010010011100100100001010000110010000000001000011010000010001100100001100010000010010000000000000000000000000010000010010000010011000100010000000001000000100000001000010000000000100010100100001100001010000000000000000000000100000011000100000000000000
00100000000010000000100000000000000000010001000000000000000000001000100110000100000110000000100010000000000000100010000100010000000001000001010000000000010000100000001010010000000000000000101100000000000000000000000000000000000001000000000100000100000000
00000000000001000110000000000000000000000000000000000000000000000000000100000000000100000000000000000000000000000000000010000000010010000001100000001000000000000100000000000100000010000000000000000000000000000000000000000000100000000010000000000100000000
00000000100000000000000000000000000000000000000001000000000000000000000000100000000000000000000000000000000000000000000000000010001100000000000000100000000000000000000010010000000000000000000000000000000000000000000000000000000010000000010000000001100000
00000000000000000000000000000000000000000000000000000001000100000000000000000000000001000000000000000000000000000000000000000000000000000000000000000000000000000000000000000000000000000000000000000000000000000000000000000000000000000000000000000000000000
00000000000000000000000000000000000000000000000000000000000000000000000000000000000000000000000000000000000000000000000000000000000000000000000000000000000000000000000000000000000000000000000000000000000000000000000000000000000000000000000000000000000000
00000000000001000000000000000000000000000000000000010000000000001000100100000011000000000000000000000001000000000000000100000000000010000011100000001000010000000100001000000100000010000010000000000000001000000000000000000001100100000010000101000110000000
00100010000001000100000000000000000010000000001000101000000000001100100000100110000000010000000000000000000000100010000001010000000000000100010000100000010000000000001000010000000000000010000100000100001000000000000000000001100000000000000100000001000100
00001000000000000000000000000000001000000000000000000000101100000000000000000000010000100000010000000000100000000000000000000000010000010000000000000000000000000000000000000000000000000000000000000000000000000000010000000000000000000000000000000000010100
00000000000000000000000000010000000000000000000000000000001000000000000000000000000001000000000001000000100000000000000000100000000000000000000000000000000000000000000000010000000000100000001000001000000000000000000000000000000000000000000000000000000000
00010010000001000101100100000000101000011010010000001000100010001100110000001100000010001000000000000000001000100000010011100001000000000100000000110000000100000010001000000000000100100010100100000100001000000100100000110000000000000000000100011010010100
00010010010001000000000101000000110000000000000000110000001010001100100000000000000000010000000000010000000000100010000011100001000011000000000000110000000000000000001000000000000100101010100100100100000000000000100000100100001000100010000000010000000000
00000000000000000000000000000000100000000000000000000000000000000000000000000000000000000000000100000000000000000000000000000000101000000000000000001100000100000000000000000000000000000000000000000000000000000000000001000010000000000010000000000001000000
00000000000000000000000000000000000000000000000000000001000000000000000000000000000000000000000000000000000000000000000000000000000000000000000000000000000000000000000000000000000000000000100000000001000000000000000000000000000000000000000000000100000000
00000000100000010000000000000000000000000000001000000000100010001000000000001000000000000000010000000000000000000010000001100000001010000000000000110000000000000010001000010000000000100001100100000000000000000010000100100000000000000010000000010000000000
00000000000000000001000001100001000000000000010100010000100010001010000100000010000000000000000000000000000010001000100000000000001000000000001000000000000110010000000000011000000000000000001000000010000000000000000000001100000000000000000100000110011000
00001000100000001000000010000000000000000000000010000000000000000000000000001000000001000001000000000010000000000000010000100000000000000000000010110000001000000000100010000000111000010000000000100000100100010000101000000010000000000000010000000000000100
00000000000000000000100000000100010001000000000000010000000000001000000000001000000000000000000101000010000001000000100001000000000000000000001000000000000100001000001000010000000000000000001000000000000001000010001000000000000000000100000001010000010001
00000000000000000001100000000100001000000000001000000000100010001000001000000000000000000100001001000010000000000000000000000000010000000000000000000000000100011000101000010000000000000000000000000100000000000000000000000000000000000100010000000000010111
00100000000000000100000000000010000000000001000000000000000000001000000000000010000000000000000000000001000000000000000000010000010000000010000000000000010000100000000000000100000000000000001000000000001000000000000100000000000100000000000110000000000000
00000000010110000000100000000000000000000000000000010000000000001000101000000000000000100000001100001010000000000000101001100000000000000000010000000010000000001010000000010000000000000011010100000100000001000000000000000000000101000110010100000001000101
00000000000000000000000000000000000000000010000000000000000000001000100000000000000000000000000000000000000000000000000010000000000000000000000000000000000000000000001000000000000000000000000000000000000000000000000000000100000000000000000000000010000000
00000000000000000000000000000000000000000000010000010000100010001000000000000000000000001000000000000010000000000000000011000000000000000000001000100000000000000000000000000000000100000000000100000000000000000000000000000100000000100010000000000000000000
00000000011011000000101000000000000000001100001000010000000000000000100010000000000000000000000001000000001000000000000010000000000001000000000000110000000000000010001001000000100000000000001000000000000010000000000000000000001000000000000000000000000000
00000000000000000000000000000000000000000000000000000000000000000000000000000000000000000000000000000000000000000000000000000000000000000000000000000000000000000000000000000000000000000000000000000000000000000000000000000000000000000000000000000000000000
00000000000000000001000000000000010010000000110000000000001000001000000000000000000000000000011101010000100000000100001001101000001000000100000000110000000010000000000000010000000100000000001000000000000000010000000000000000000000000100010000000001110100
00000000000000000100000000000000001000000000000000000100000000000000000000000000000100000000000010000000000000000000000000000000000000000010000000000000000000100000000000000000000000000000000000000000000000000000000000000000000000000000000010000000000000
00000000000001000000000000000000010000000000000010000000100000001010000000000000000001100000000000000010000000000000000000000000000000010000000100110000000110001000000000000000000000000000001000000010000000000000100000000000000000000000000000000000000000
00000000010001100000000000000000110000000000001010010000000000001000000000000000000000000000000000000000000000000001000011000000000010100100000000000000000100000000000000000000000010100000000110000100000000000000000000000000010101000010000001000000000000
00000000000001000000010100000000000000000000001000000000101000001100100000001000000000010000000000001000000000000000010010000001000000000100000000110000000000000000001000000000000000100000100100000000010000000000100000100000000000100010000000010000000000
00000000000000000000000000000000000000000000000000000001000000000000000001000000000000000000000000000000000000000000000000000000000000000000000000000000000000000000000000000000000000000000000000000000000000000000000000000100000000000000000000000000000000
10000000000001000000000000100100000000000000000110010010101000000000000000000000000000000000100000000000000000000000000001000000001000000000000000000000000110010000000000001000001000000001000100000010000000000000010000001000000110000100000010000100010000
00000000000000000000000000000100000000000000000000000000000000000001000000000000000000000000001000000000000000000000000000000000000000000000000000000000000000000000000000000000000000000000000000000000000000000000000000000000000000000010000000000000010000
00010100000001000000000001000000100010000000000000101000000000001100100100100010000010011000000000000000000000000011000010000000000000000000000000100000000000000000001000010000000000100010000100000001001000000000000000001000000001000000000100000000000000
00000000000000000000000000000000000000000000000000000000000000000000000000001000000000000000000000000000000000000000010010000000000000000000000000100000000100000000000000000000000000000000000000000100000000000000000000010000000001000000000000000001000000
00000100000000000000000000000000000010000000000000000100100000000000000000000000000000000000100000000000000000000000000010000000000000000010000000000000000010100000000000000000000000000000000000000010000010000000000000000000000000000000000010000010000000
00000010000000000000000000000000000000000000100000000000001000000000000000000000000000000000000000000010000000000000000011000000000000000100000000000000000010000000000000010000000000000000001000000000000000000000000000000000000000000010000000000000000000
00000010010001000100100001011000110010010001001000100010100000001110100101100110000010001001000000000000000000100000000011000000010011001000000000000000000011000000000010000000000100000010110100001100000010000000000000000000001000000010000000010010000000
00000000000000000000001000000000000000001000000000100000000000000000000000000000000000000000000000000000010000100000000100010000000000000000000000000000000000100000000000000000000000100000000100000000000000000000000000000001100000000000000100000000000000
00000000000000000000000000000000010000000000001000000000000010001000000000000000000000000000101001000000000000000000000010000000000001000000000010110000001010000000000000000000000000000000000000000000000001000010010000010000000000000000000000010001010100
00000000000000000000000100000000010000000000010000000000100000000000010000001000000000010000010000000000001000010000000010001000000000000100000000010000000010000000001000000000100000000000000000000100000000000000100000100000000000000000000000010000000000
00000000000000000000000000000000000000000000000000000000000000000000000000000000000000000000000001000010000000000000000001000000000000000000000000000000000000000000000000000000000000000000000000000000000000000000010000000100000000000000000000000000000000
00000000000011000110000000000010000010001000000000010000000010001000000000000010000100000000000000000000000000000001000000010000000010001000010100001000000100100110010000000110000000000000000000000000000000000100000000000000000001000011000100000000000000
00010010011011010100101001011010111110011111011000110001010011001100110110000101000000011000000000111000011000111110110001111001010011010100011000110000000011001110001011010000000100110011101100000100011010000000000000100101011100100011000010001110010000
00000010010000000001000111110010110110100000001100100000000010001000110000001000000010011001001001010010010010000110001010101000001001100100000011110000001111000001000010001000100000100000010010001000000000010000000000110000001000010001000000110001010100
00000000001001000000001100000000110000000000001000100000101000001100000000001000000000111001010001000010000000000000000011000000001000000100010000110000000100000000000000000000000100100010000100000000000000000000000000100000000000000010000000010000010000
00100010001011000110001001011000100010010000001000010000000000001000100100100110000010000000000010000000000000000001000110000000000011001001110000001000010000100110001000000100000010001010101100000100000000000100000000000001100100000010000110000110000000
00000000000000000001000000000010110000000000010000001000100000001000110000000000000000000000000000000010000000000000010011000000000000000000000000110000000000000000001010000000000000100000000100000000000000000000000000010000000000000000000000000000010000
00000000000000000000000000000010000000000000000000000000000000000001000000000000000000000000000000000000000000000000000000000000000000000000000000000000000000000000000010000000000000000000000000000000000000000000000000000000000000000000000000000000000000
00000000000000000000000000000000000000000000000000000000000000000000000000000000100000000000000000000000000000000000000000000000001000000000000000000000000000000000000000000000000000000000000000000000000000000000000000000000000000000000000000000000000000
00000000000000000000010000010001100010000000000000000000000000001100000001000000000000011000000000000000001000000000000010000000000000000000000010010000000000000000000000000000100100000000000000000000000000000000000000000000000000000000000000000001000000
00000000000000000000000000000000000000000000000000000000000000000000000000000000000000000100000000000000000000000000000000000000000000000000000000000000000000000000000000000000000000000000000000000000000000000000000000000000000000000000000000000000000000
00000000010000001100100000010000001110010001000000010000010000000000100100000101000001000000000110000000000000000010000010000000000011000000000000000000000100001000000000000000000110000000100000000100001010000000000000000100001010000000100000001010110110
00000000100000000000000000000010000000000000000101000100000000000000000000000000100000000101100000000010000010000000000001100010000100000100000100100000000011000001000010001000000000000000000010000000000100001000000000001010000010000101010000000001110000
00000000000000000000000000000000100000000000000000100000000010000000000000000000100000000000000000000000000000000000000000000000001000000100000000100000000000000000000010000000000000000000000100000000000000000000000000000000000000000000000000000000000000
00000100010011000110100000000000100010010001001000000000010001001000100100100101000100001001000000000000010000000010000110010000010001000001100000001000000000100100001000000100000000100000100100000100000000000000000000000001101100000010000000000111000000
00100010000000000000000001010010110010010000001000010000000001001010100100100110000000001000000000001000000000000010100011010000010010000000010000000010000001000000001000000000000100000010100100000100011010000010000000000000001100000010000100000000000000
00000000000000000000000000000000100000000000001000100000000000000000000000000000000000000000000000000000010000000000000001000000000000000100000000000000000100000001000000000000000000000000000000001000000000000000000000000000000000000000000000000000000000
00000000000000000000000000000000000000001000000000000000000000000000000000000000000001000000000000000000100000000000000010000000000000000000000000000100000000000000000000000000000000000000000000000000000000000001000000000000000000000000000000000000000000
00000000000000000100000000000000000010010000000000000000000000000000000000000000000000000000000000000000000000000010000100010000000000000000000000000000000000100100000010000000000010000000000000000000000000000000000000000000000000000000000000000000000000
00000010010000000001000100100110111100000000011000011001100010001000010000001100000010010000000000000010011000000100010011100000001100100000010011110000000110001000001010010000000100000010100110101100010000010010010000010000001000000011000000010001010100
00000000000000000100000000000010000000000000000000000100000000000000000000000000000100000000000010000001000000001000000000000000000000000000000000000000000010100000010000010000000000000000001000000000000010000000000000000000000000000000000010000001000000
00100001000011000110000000000000000000000000000000000000000000000000100101000011000100000000000000000000000000000000000000010000000010000000100000001001000000100100000000000100000010000000001100000000000000000000000000000001101000000010000100000100000000
00000001000001000110000000000000000000000000000000000010000000000000000100000001000100000000000000000000000000000000000000010000000010000001011000001000000010000100000000000100000000000010000000000000000000000000000000000000100100000010000101000100000000
00100010010011000110001000000010000010010100000000010000010011001001100100100110000010000000000001000000000000000000000110110000000001000100100000110000000001100100100010000000000010100011000100001100000010000110100000000000010100000000000100000000000100
00000000010000000000100000010001000011000000000000011000000010001000000000000000000000000000101000010000000000000000000010000000000000000000100000000000000000001000000000010000000100000000000000001100010000000000000000000100000000000000000000000000010000
01000000000100000000000000000000000000000000000010100000100000000000000000000000000000000000000000000000100000000000000100000000001000000000000000000000000000000000000000010000000000000000000000000000000000000000000000001000000000000001000000000001000000
00000000000000000000000100000000100000000010000000000000000010001000010000010000000000000000010000000000000000000000100001000001000000000100000000010000000100001000000000000000000000000010000100001000000000000011000000000100010000000000000000000000000000
00000000000000000000000000000000000000000000000100000000100010000000001000000000000000000000000000000000000000000000000001000000000000000100000000000000000100000000000000000000000000000000000100001000000000000000000000000000000000000000000000000000000000
00000110000101000001000100000010110110000000001000110000100010001000100000001000100010011001010000011010101000110000100011101000001100000100010000010010001110000000000000010000000000000000010100001100010000000010100000111000000000000011000000010001010100
00010000000101100000010100000010110000000000011000100000100010001100100000000000000000011001010000001010101000000000110011101001000000000100010010100000000110000000001000010000100100100000100100000000001000000000100000100000000000100010000000010010000100
00000000000001000110000000000000000000000000000100000010000000000000000100000001000100000100000000000000000000000000000100010000000010000001100000000000000000000100000001000100000010000000000000000000000000000000000000000001100100000010000001000100000000
00000000000000000000000000000000000000000000000000000000000000000000000000000000000000000100000000000000000000000000000000000000000000010000000000000000000000000000000000000000000000000000000000000000000000000000000000000100000000000000000000000000000000
00000000000101000000100000000000000000000000000000000000010000000000000010000000000000000000000001000000000000000000000000000000000001000000000000100000000000000000001010000000000000000001000000000000000010000000000000000100010000000000000000000000000000
00000100000000000100000000000000000000000001000000000000000000000000010100100100000000000000000000000000000000000000000000000000000000000001000000000000000000000000000000000100000010000000000000000000000000000000000000000001000000000000000000000000000000
00000000000000000000000000000000000000000000000000000000000000000000000000000000000000000000000000000000000000000000000000000000000000000000000000000000000000000000000000000000000000000000000000000000000000000000000000000000000000000000000000000000000000
00000000000001000110100000000000000010000000000000000000000010000000110000000010000110000000000010000000000000000000000000010000000000000000000000000000000010100110000000000000000010000000001000000000000000000000000000000000000010000010000000000100010001
00000010000000000001000000000100000000000000000000000000010000001000000000000000000000000000010000000000000000000000100001000000000000000000000000100000000100000000000000000000000000000000000000000100000000000000000000000000000000000000010000000000000100
00000010000100010001000000100111001110000010000110000000110010001001010000000000000000010100101100000000110010010000000101100000010000100100000011110000001010011001000000011000001100000001000000100010000010000000000000010110100010000001110110001001011000
10000100000001000100000000100010001000000000000110011000101000000010100000000000000000000000100000000010100010001110110011000000001000000110100000110000010100000000000000011000001000001000001100000010000000000010110000110000001000000110000011000011010000
00000010000000000001000000000010010010010000000000000010000000001000010000000000000000000000000000000000000000000010000011000000001001000000010000000000000000000000000010000000000000000000000000000100000000000010000000001000000000000001000000000000000100
00100110000001000100000000001010100010000001001000010000101000001010000100000110000000000000000010000001000000001001000100010000000010001011010000000000010000000100010000000100000000000000000100000000000000000000000000000000000101000010000111000110000001
00000000000000000001000000000100001000000000000000000000000010001000000000000000000000000000100100000000000010000000000000000000000000000000000000000000000100001000100010000000000100000000000000000000000000000000000000000000000000000000010000000000010000
00001000000000001001000000100100001000000010000000000000010010001001001000000000000000000000001101000000100000000000000010000000010000000100001010000000000100010000000000000000000100000010000000000110000000000000000000000000000000000000000000001000010100
00000001000001000110000000000000000000000001000100010000000000001000000100000001000100000000000000000000000000000000000110010000000010001001110000001000010000100000000000000100000010000000000000000000000000000000000000000000101100000010000001000101000000
00000000010001000000100000000000000000001000100000000000010000000000010000100000000000010001000001001000000000000000000110010000000000000000000000000000010000000000000000000000000000100000001000100000000000000000000000000000001000000000000000000000000000
00000000000000000000000000100010100000000000000100000000000000000000000000000000000000000000000000000000000000000000000001000000001000100000000000000000000100000000000000000000000000000000000000000000000000000000000000000000000000000011000000000000000000
00000000000000000000000000000000000000000000000000000000000010000000000000000000000000000000010100000000000000000000000000000000000000000000010000000000000000010000000000010000000000000000000000000000000000000000000000001000000000000000000000000000010000
00000000000000000100000000000010000000000000000000000100000000000010000000000000000000000000000000000000000000000000000100000000000000000010000000000000000000100000000000000000000000000000001000000000001000000000000000000000000000000000000010000000000000
00100000011001000000101100000000100000000010011000010000000000001000110100101110000110011001001100101000001000100000010010011000000011000100000000010010000000000000000001000000000100100010100000100100011010000100100000100001101100100000000000010100000000
00000000000000000000000000000000000000000000000010000000000000000000000000000000000000000000000000000000000000000000000000000000000000000000000000000000000000000000000000000000000000000000000000000000000000000000000000000000000000000010000000000000000000
00000000100100000101000011010010000010000001001101000000000000001000010000000010100000000000010000000000000000000010000011001100001100001100010000000010000001010000000000000000010000000100000000001000100100000000000000001010000001000011010000000001110100
00000000000000000000000000000000110000000000001000100000000000001000000000000000000000000000000000001000000000000000000010000000000000000000000000001000000000000000001000000000000000100000100000000000000000000000000000000000000000000000000000000000000000
00000000000000000000100000000000000000000000000000000000010000000000000000000000000000000000000000000000000000000000000000000000000000000000000000000000000000000000000000000000000000000000000000000000000000000000000000000000010000000000000000000000000000
00000000010100000100100001000000000000010000000100000001001000000100010000000110100010100001101101000010000000100100000010000000000000000110001100110000000110000000100000000000000100000001001000000010001000000000000001000100000010000000000000000001000000
00000000000000000000000000000000000000000000000110000000100000001000000000000000000000000000100000000000000010000000000001000000001000000000000000000000000110000000000000000000000000000000000000000000000100000000000000000000000000000000000000000000000000
00100000000011000110000000000000000000000000000000000000000000000000000100100001000100000000000010000000000000000000000100010000000010000001100000001001000000100100000000000000000010000000001000000000000000000000000000000000000100000010000010000100000000
00000000000000000000000000000000000000000000000000000000010001000000010000000000000000000000000000000000000000000000000100000000000000000000000000000000000000000000000000000000000000000000000000000000000000000000000000000000000000000000000000000000000000
00000000000000000000000000010000000000000000000000000000000000000000000000000000000000000000000000000000000000000000000000000000000000000000000000000000000000000000000000000000000000000000000000000000000000000000000000000000000000000000000000000000000000
00000000000000000000000000000000000000000000000000000000000000000000000000000000000000000000010000001000000000000000010001000001000000000000000000010000000000000000000000000000000010000000000100000000000000000000000000010000000000000000000000010001000000
00000000000000000000000000000000000000000000000000000000000000000000000000000000000000000000010000000000000000000000000000000000000000000000000000000000000000000000000010000000000000000000000000000000000000000000000000000000000000000000000000000000000000
00000000000000000000000000000000110000000000000110000000000000000000000000000000000000000000010000000000000010000000000000000000000000000000000000000000000110000000000000000000000000000000000000000010000000000000000000001000000000000000000000000001000000
00000000010001000000100100000100101000000011000000100000100010001000100000001000000000011000000000010010000000000010000010100001010001000100001000010000000100011000001000010000000000000000100100000100010010000000000000100100000000100000000000001000000000
00000001000011000110000000001000000000000000000000000010000000000000000100000001000100000000000000000000010000000000000000010000010000001001010000001001010000000100000000000100100000000000001000000000000000000000000000000001100101000010000011000100000000
00000000000000000000000000000000000000000000000000000000000000000000000000000000000000000000000000000000000000000000000000000000000000000000000000000000000000000000000000000000000000000000000000000000000000000000000000000000000000000000000000000000000000
00000000000001000000100001000000100001000000001000110000001000001100100001101100000000111001000000000000011000100001000011101000000010000000010000010000000000000010001001000000000000000000100100000000001010000000100000000001000000000010000000000000000000
00000000000000000000000000000000110000000000000110000000000000000000000000000000000000000000010000000000000000000000000010000000000000000000000000000000000000000000000000000000000000000000000100000000000000000000000000000000000000000010000000000000000000
00000000010000000000000000000000000000000000000000000000000000000000000000000000000000001000000000000000000000000000000000010000000000000000000000000000000010000000000000000000000000000000100000000000000000000000000000000000000000000000000000000000000000
00000000000000000000000000000000000000000000000000000100000000000000000000000000000000000000000000000000000000000000000000000000000000000000000000000000000000000000000010000000000000000000000000000000000000000000000000000000000000000000000000000000000000
00100010010011000100100001010000000010010100000000010000000000001000010101100100000110011000000001000000000000100010000010110000000001000100110010000000000000001000001000000000000000000001000100011100000010000100000100000101000100000010000100000010000001
00000000000000000000000000000000000000000000000000010000000000001000000000000000000000000001000001000000000010000000000010000000000000000000010000000010000100000000000000010000000000000010000000000100000000000000000000000000000000000010000000000000000000
00000010010001000100100101000000010000010010011000010000010010001100100100001110000000011011000000000000001000000010000010010000010011000100000000010000000000000000001001000000000100101000001000001100010010000000000000100100000000000010000000001110000000
00000000000000000000000000000000000000000000000000000000100000000000000000000000000000000000000001000000000000000010000001000000000000000000000000100000000000000000000000000000000000000000000000000000000000000001010000000100000000000000000000000000010110
00000000000011000100100000000000000010001101000000000100100000001010000010100010000000100000101010001010100000000100000010010000000000000011000000000000010010000010010000010100000010000000100000000010000010000000000000000000100100000110000000000100010000
00100010010101000000100101000010100010010110011100111000100001001100110100001110000010011001000001010000011010100011000010111000000111000101010011110000000010100000000000000000100100110010000010001010000010000000000000000000001000100000001100001100000000
00000000000000000000000000000000000000000000000010000000000000000000000000000000000000000000000000000000010000000000000001000000001000000100000000000000000000000000000000000000000000000000000100000000000000000000000000000000000000010000000000000001010000
00000000000000000000000000000000000000000000000000000000000000000000000000000000000000000000000000000000000000000000000000000000000000000000000000000000000000000000000000000000000000000000000000000000000000000000000000000000000000000000000000000000000000
00000000000000000000000000000000000000000000001000110000000000000000000000001000000000001000010000000000000000000000000000000000000000000100000000000000000100000010001000000000000000000000000000000000000000000000000000000000000000000000000000000000000000
00000000000000000000000000000000000000000000000000000000000000000000000000000000000000000000000000000000000000000000000000000000000000000000000000000000000000000000000000000000000000000010000000000000000000000000000000000000000000000000000000000000000000
00000010000001000000000001000010110110000000001100010010001010001000000000000100000000100000000000000000000000000010000001000000000000100100011011100000000000000000000010000000000000000010100100000000000000000000000000000000000100000001000000000011000000
00000010011011000100100000001001101110010000001000010000000011001100110000100100000010011000000101000000010000010010010010010000010011000100011000100000001001001000001000000000000100000011100000000000010010000000000000000100001100000000000000000000010100
00000000000001000000000000100010010000000000000110010000100000001010000000000000000000000000100000000000100010001000000000000000000000000000000000000000000110001000000000010000001000000000001100000000000000000000000000000000000000000110000000000001000000
00000000000000000000000001010000100000000000000000010000001000000100000000000000000000000010000000000000000000100000000000000000000000000000000000000000000000000000000000000000000000000000000000000000000000000000000000000000000001000000000000000000000000
00001000000000000000000000000000000000000000000000000000000000000000000000000000000000000000010000000000000000000000000000000000000000000000000000000000000000000000000010000000000000000000000000000000000000000000000000000000000001000010000000000000000001
00000010000000000000000000010001000010000000001100010000000010001000000000000000000000000000000000000000001000000000000010000000000001000100001000100000000000000000001000000000000100000000100000000100000010000010000000000000000000000000000000000000000100
00000001010001000000001000000000000010000000010000000000001000001000100000000100000110010000000010000000000000100000000010000000010001000000000000010000000000000000011000010000000000100000000000000000000010000000000000000000001000100000000100000010000000
00000000000000000000000000000010000000000000000000000000000000000000000000000000000000000000010000000000000000000000000000000000001000000000000000000000000000000000000010001000000000000000000000000000000000000000000000000000000000000000000000000000010000
00000001001001000000100001000000111000000001001000111000001000101110100000000100000000000000000000001000000000001010000010000000010001000010010000000010000100000000001000000000000100100010101100000100011000000001000000000000010101000010000010000110000000
00000000000000000000000000000000000000000000000000010000000000000000000000000000000000000000001001000000000000000000100000000000000000000000000000000000000000000000000000000000000000000000000000000000000000000000000000000000000000000000000000000000000000
00000000000000000000000000000010000000000000000000000000000000000000000000000000000000000000000000000000000000000000000000000000000000000000000000000000000000000000000000000000000000000000000000000000000000000000000000000000000000000000000000000000000000
00000000000000000000000000000000100000000000000000000000100000000000000000000000000000000000010000000010000000000000000001000000000000000100000000000000000000000000000000000000000000000000000000000000000000000000000000000000000001000000000000000000000000
00000000000000000000000000000000000000000000000000000000000000000000000000000000000000000000000000000000000000000000000000000000001000000000000000000000000000000000000000000000000000000000000000000000000000000000000000000000000000000000000000000000000000
00000000000000000000000000001000000000000000000000000000000000000000110000000000000000010000000000000000000000000000000100010000000000000000010000000000000000000000001000000000000000000010000000000000000000000000000000000000010100000000000000000000000000
00000000000000010000000000000010010010000000000000000000010011000101000000000000000000000001001000000000000000000000100000000000000001000100010010100000000011000000000000000000000000000000000000000000010000000000000100001000000001000000000000000000000000
00000000010000000000000000000000000000000000000000000000000000000000000000000000000000000000000000000000000000000000000000000000000000010000000010000000000000000000000000000000000000000000010000000000000010000000000000000000000000000000000000000000000000
00000000000001000001000100000000010000000000000000100000100000000100100000000000000000011000010000000000101000000000010000000000000000000000010000110000000010000000001000000000000000100000000000000000000000000000000000100000000000000010001000010000000000
00001000000000000000000000000000000010000000000000000000100000001000001000000000000001000000000000000000000010000000101000000000000000000100000000000000000010000000000000000000000000000000010000000000000000000000000000010000000000000100100000000000010100
00000000000000000000000010000000000000000000000000000000000000000000000000001000000000000000011000000000000000000000000000000000000000000000000000000000000000000000000000000000000000000000000000000000000000000000000000000000000000000000000000000001000000
00000000000000000000100000000000100000000000000000000000010001000000000000000000000000000001000010000000000000000000000000000000000000000000000000000000000000000000000000000000000000000010000000000000000000000010000000000000000000000000000000000000000001
00000000000000000000000000000000000000000000000110000000100000000000000000001000000000000000000000000000000000000000000000000000000000000000000000000000000000000000000000000000000000000000000000000000000000000000000000000000000000000000000000000000000000
00000000000000000000000000000000000000000000000000000000000010000000000000000000000000000100000000000000000000000000000000000000000000000000000000000000000000000000000000010000000000000000000000000000000000000000000000000000000000000000000000000000000000
00000000000000000000000100000000010000000000011000000000101000000000110000001000000000011001000000000000001000000000010011100000000000000000000000110000000010000000001000000000000100000000100000000000000000000000100000010000000000100010000000010000000000
00000100000000000000000000000010010000000000000000101000100010001000000000001000000000010000000000000000000000010000100001001000000000000100000000100000000110000000000000000000100000000000000000000000000000000000010000100000000000000000000000000000000100
01000000000000000000000000000010000000000000000000001000000000000000000000000000000000000000100000000000000010100000000000000000001000000000000100100000000001000000100010000000001000000000000000000000000000000010000000000000000000000001000000000000100000
00000000000000000000000000000000101000000000101000110001101010001100000011000000000000001000100000110000000100000000001010000000010000000000001010000110000100000000000000010000000100000010110000000100000000000000000000000000001001000110010000000001010000
00000000000000000000000000000010000000000000000010000000100000000000000000000000000000000100010000000000000000000000000000000000001000000000000000000000000100000000000010000000000000000000000000000000000000000000000000000000000000000000000000000001000000
00000000000001000010000000000000100000000000000000000000000000001000100101100000000110000000000000000000000000000001000010010000000010000001000000001001000000000000001000000000000010100010000000000000000000000000000000000000100000000010000000000000000000
00000000000011000110001000000000000000001000000000000000000000001100000100100001000110000000000000000000000000000001000000010000000010000001100000001000000100000100001000000000000010000000001000000000000000000000000000000001000000000010000101000100000000
00000000010000000000100000000000000010000000100000010000010001000001000000000000000000000000000000000000010000000000000010000000000000000000010010000010000000000000000000100000000000000000000000000000000010000100000000000000000000000000000000000000000000
00000010010101000000000001000000110010010000101000100000100010001000100000000000000000001000000000001000000000000010000011000000010011000101000000000000000010000110001000000000000000000000000100000100001000000000000000000100000000000011000000000100001000
00000011010011000100001000010000000010010001001000011000100010001000010100100100000100000000000011000000010010000000000010010000000011000000110000001000000000100100001000000100000010000010001000001100000010000100000000000000000000000010000000000100000001
00000000000000000000000000000010000000000000000001000000000000001000000000000000100000000000000000000000000010000000000000000000011000000000000000000000010100000000000000010000000000000000000000000000000000000000000000000000000000000000000000000000000000
00000000000110000100100001000000000001000001000000010000010001000000000010000010000000000000000001000000010000110000000100000000000000000000000000000000000000100000000010000000000010000000000000000001100010010010000000000100000000001010000000000001000001
00000000000000000000010100000000000000000000001000000000000000000000000000000000000000001000000000010000001000000000000010000000000000000000000000010000000000000000001000000000000100000000000100000000001000000000000000100000000000000000000000011000000000
00000000000000000000000000100000100000000000000000000000100000000000000000000000000000000000000000000000000000000000000001000000000000000000000000000000000000000000000000000000000000000000000010000000000000000000000000000000000000000000000000000000000000
00000000000000000000000000000000000000000000000000000000000000000000000000000000000000000000000000000000000000000000000000000000000000000000000000000000000000000000000000000000000000000000000000000000000000000000000000000000000001000010000000000000000000
00001000000000000001000000000100000000000000000100000000110000000000000001000000000000000000001101000010000010000000000000000000001000000000000000000000000010000000000000000000000000000000001000000010000000000000010000000100000000000000000000000000110000
00000001100111000110100000100010000010010101011110010011100011000001110111001101000100001101000001010000011001000110000110110000000011000101100000111000010010100101000110000100000010110011101000000010100010000000100000100101101101001001001101000101000000
00000001000101000000000000100010000000000000000110000000100010001000100100000100000000000000000000000000000000000000000111000000001000000100000100100000000101000001000010000000000000000000000000001000000000000000000000001000001000000010000001000101000000
00000000000000000000000000000000000000000000000000000000000000000000000000000000000000000000000000000000000000000000000000000000010000000000000000000000000100000000000000000000000000000000000000000000000000000000010000000000000000000000010000000000000000
00000000000000000000000010000010000000000000000011010000100000001000001000000000100000000000010101000010000000000000000000000000001000000000000000000000001100010000000010000000000000000000000000000000000000000000000000000100000000000000100000000001000000
00000000000100000000000000000000000000000000000000100000001000001000000000000000000000000000000000000000000000000000000000000000000000000000000000000000000000000000000000000000000000000000000100000000000000000000100000000000000000000010000000000000000000
00100100001011000010000000000010010010000000001000001000000000001100000100100110000110010000100011000000000000100001000100010000000001000001110000000000000100100000000000000000000000000010000100000000001000000000000000000000100000000010000000000100000000
00000000000000000100000000000010001000000000000000000100100010000010000000000000000000000000000010000001000010001000000010010000000000000010000000000000000110100000010000000100000010000000000000000000000010000000000000000000000000000000000000000001000000
00000000000001000110000000000001000000000000000000000000000001000001010000000000000100000000001000000000010000000000000000000000000000000000100000001000000010100100000000000000000010000000000000000000000000000000000000000000100000000011000000000100000000
00000000000000000000000000000010000000000000000000000000000000000000000000000000000000000000000000000000000000000000000001000000000000000000000000000000000000000000000000000000000000000000000000000000000000000000000000000000000000000000000000000000000010
00000000000000000000001000000000000010000010010000000000100010000000000000001000000000011001001000000000001000000010110001100000000000000100000000110000000000000000001000000000100000000000000000000000000000000000100000100000000000100000000000000000000000
00000000000000000000000000000000000000000010000000000000000010000100000000000000000000010000000000000000000000000000000010000000010000000000000000000000000100001000000000000000000100000000100100000000000000000000000000000000000000100000000000000000000000
00100000000011000110100000001000100000010101100000000000000010001010100100000011000100000010100000000000000010000000000010010000000010000001100000001000010000100100001000000100000010000000101100000000000010000000000000000000101100000011000101000001000000
00000100000001000100000100000000000010000000000000001000100010101010000001000000000100010000100000100000000000001010000010010000010010000000000000010000000010100000000000000000000000000010100000001000001010000000000000000000000000000000000000000000000000
10000000000000000011000000101010000100000000101111000010100000001000000000000000100010000100000001000010000000010000100001000001001010000110000100100000000110000100000010010000101000000000000010001010000000000000001000000110000001000011010010000100010000
00001000000000000000000000000010000000000000000000000000000000000000000000000000100000000000000000000010000000000000000000000000011000000000000000000000000000000000000010000000000000000000000000000000000000000000000000001000000000000100000000000000000000
00000000000000000001000010000100001010000000000000001000100010001000001000000000000001010000101100000010000011000000100011101000011000000100001000100000010110011000100010000000000000000000011010000100000100000000010000000100000000000100000000000001000110
00000000000000000000000000000000000000000000000000000000100000000000000000000000000000000000100000000000000000000000000000000000000000000000000000000000000100000000000000000000000000000000000000000000000000000000000000000000001000000000000000000000000000
00000000000000010001000000010010111110000000000000000000100010001000000000000000000011010000010101000010000000000000100001000000010000000100010000110000001001001000000010000000000000000000010000000100010000000000010000010000000000000000000000000000010010
00000000000000000000000000001100000000000000000000000000010000000000000000000000000000000000000100000000000000000000000000000000010000000000000000000000000000000000000000000000000000000000010000000000000000000000000000000000000000000000000000100000010100
00000000000000000000100000000000000000000000000000000000010001000000000000000000000000000000001101000000000000000000000000000000000000000000000000000000010000100000000000000000000000000010000000000000100000000000000100000000000101000000000000000000000000