0000000000000000000000000010000000000000000000011000000000000000000000000000000000000000000000000000000000001000000000000000000
0000000000000000000000000000000000000000000000000000000000000000000000000000000000000000000000000000000000000000000000000000000
0000001000000000010000000100000001001001000000000000000000000000110010000000011000001000000000001000000000000000000000000001000
0000000000000000000000000000000000000000000000000010000000000000100000000000000000000001100000000000000000000010000000001000000
0000000000000000000000000000000000000000000000000000000000000000000000000000000000000100000001000000000000000000000000000000000
0000000000000100000000000010000010000000000000010000000000100010000000000010000000000000000000000000000000000010100000000000000
0010000000000000010010000001001000001001010010000000000001001000110011000010010000001001100000000000000000000000011000001101000
0000000000000100011000000000000000000000000000000000000001000000000000010000000000000000000000000000000000000000000000000000000
0000000000000000000000000000001000000000000000100100000000000000000000000000000010000000000101000000000000000000000000000000000
0000000000000100000010100100100000100000000100000010000000000000110010000000010000000000100000000100100001000000001000001100000
0000000000000000000000000100000010000000000000000000000000000000100010000010000000000000000000000000100000000000000000001011000
0000000000000000000010010000000010000001000000110000100010100000010000000000000000000000000000000100000000000000000000000000000
0000000000000110011000100100000000001000000000000000000000000000100001010010011000000000000000000100100000000000000000011001000
0000010101001000011010100000100110011001011100110010100010000100101011010110010100011001100000000000100011101010001000011011000
0000000000001000000000000000000000000000000000000001000000000000000000000000010000000000000000000000000001000000000000000000000
0000000000000000000100000000000001000000000010000000000000000000000000000000000000000000000100000000000000000000000000001000000
0000000000000000000000000000000000100000000000000000000000000000000000000000000000000000000001000000000000000000000000000000000
0010001100001100001000001100101001001000000100010000101000001000100000010010010100001001000000001000000100000000001000011001000
0000000100001100010000000000000000000000000000000000001000000000000000010010000100000000000000000000000000000000000000010001000
0000000000000001000000000000011000111000000000000000100010001000100001000000000000000001000010010000001000000000000000000100100
0000001001010100000000000101000001000100000010100001000001000000111011001100011000000001000000110100100000000000001000001000000
0000000000000000000000010000000000000000000000000000000000000000000000000000000000000000000000000000000000100000000000000000000
0000000001001100000000000000000010001000000000000000000000000000100010010000000000000000000000000000100000000000000100001011000
0000000000010000000001000000000010000000000000000000000000001000000001000000100000000001100000000000000000100000000001000110000
0000000000000000010000000000001000000000000000010000000001000000000000000000000000000000000001000000000000000000000000000100000
0010000001101000010010000000000110001001000000100001000000000000110010000000010000000000100010000000000000000010001000001101000
1000010000000000000000000000000010000000000000011000000010000000000000000000000000000000000010000000000000001000000000000100000
0000001000000000000010000000000011001000000010010000000010000000110000000000010000000010000000000000000000000000001000001101000
0000000001000100010000000000010000100000000000100001000000000000100010000000000000000000000000000000000000000000001000001001000
0000000000000000000100000000100000100000000000000000000000001000100000000000000000000000000000110000000000001100000000000000000
0000001010000000010100001000000001010010000100001100000001001000100101000000000000000000000000001000000000000000000000011100110
0000000000000100000000000100000000000000001000000000000010000000100000000000000000000000000010000000000000000000000000000000000
0000010000110100000000110111000000001100010001101001100000000001010011011010110000000001110000000000000001000010001000001111100
0010000000000001010010000001001000011001010001000000100001100000110011010000010000000000100000100000001011000000001011001110100
0000000001000000100100000000110000010000001000000000000011001000100000000000000000000101000000010000000100000000000000001000000
0000000000000100000100000000001001100000000000011000100000001000100000000000000000000000000000000000000000000000000000001100000
0010001000001100010100100101000011000001000010000000101010101000101000010010010000001000000000000000001000000010101000011101000
0000000000000000000010000000000010000000000000000001000001000000000000001000000000000000000000100000000000000000000000000000000
0000000000000000000000000000001000000000000000000000000000000000000000000000000000000000000000000000000000000000000000000100000
0010001000010100000000000100000001001000010100000001001000000000110010000010001000000001000000000000000000000000001000001001000
0000000000000000000000000000000000000000000100000011000000000000000000000000000000000001000000000000100000000000000100011000000
0000001000000100000000000000000011000001000000101001000000000000100000000010000000000000000000000000100000000000000000001000000
0000000000000100000000000000000100100000000000100000000010001000100000000000000000000001000000000010000000000000000000001000000
0000000001000100010000000000001000000001100000000001001000001000100010010010001000000000000000001000000000000000001000001000000
0000001000000001000010000001000000001000000000000000000001000000000000000000000000000000000000000000001000000000010000000000000
0000000000000000000000000000000011000000000000100000000000000000000000000000100000000001000010000001001000000000000001001000100
0000000010010100000010000100100010000000011001000001000000000000010011010010010000001000000100010000100001100000001010001111000
1000010000010100010000001011000000010000000000001000001010000000000101010000000000000000000010000000000000001000000000000100000
1000000000000000000000000010001010010000010000010000000010000000000000010000000000000000000001000000000011001000000000000000000
0000000010000000000000000000001000000000000000000000000000000000000000000000000010000000000000000000000000000000000000000000000
0001000001000100000000000000000000000000100000000001000100000001010010000000100000001000100000000000000000000010001100001110000
0000000000000010000010000100100010000101110100100010000001001100100010001010010000010000100010100101100001001000000000011001000
0000000000010100010100000000000011011000000000000000000000001000100000000000010000001001000000000000000000000010000000000000100
0000000000000000000000000000000000000000000000000000000000000000000000000000000000000000000000000000000100000000100000000000000
0000000000000000011000000000000000001001000100010000000000001000000000010010010000000000000000000000000000001000001000000000000
0000000000000000000000000000000000000000000000000010000000110000100000000000000001000000001000000000000000010000000000001000000
0000000000010100000100000011000100101000001000011000000000100000101101000000100000000101000110010001000010101000101001000010100
0000001100000000000010001000001001100100000010000001000000100000100000000000000000000000000000000000000000000000000000001000000
0000010000010000000000000000000001001000000000000000000111000000000000000000000000000110100000000000001000101000010000000010000
0000000000000000000000000000000000000000000000000000000100000000000000000000000001000100000000000000000000000000000000000000000
0000001000000000010100010000011000111000001100000001101000000000100011000100010000000001100110010001000000000000000010011100000
0000000000000100000000000000000000000000000000000001000000000000000000000000000000000000000000000000000000000000000000001000000
0000010000000000000000000000000000000000000000000000000000000000000000000100000000000000000000000000000000000000000000000000000
0000000000000000000000000000000010000000000000000010000000000000000000000000000000000000000000000000000000000000000000000000000
0011001001101100010110100101111101111001011100000001100111001000010111001010011000011001100110111111001011100010001010011111100
0010001001010000000010000101000011000001000000100010000000000000100010000000010000001001100000000000000000100010001000001010000
0000000000000100000010000000000000001000000000000000000010000000000000000110000000000000000010000000000010000000001000000000000
0000000000000000000000000000001000000000000000010000000010000000100000000000000000000000000000000000000000000100000000000000010
0010001001100100000010100100100011000001000100100011000000001000110000010010011000011001100000000110100000100010001000001101100
0000001000001100000110010000001011000000000000110000000010001000100000000000000000000001000000000000000000000000000001001100100
0000000000000000000000000000000000000000000000000000000000000000000000000000000000000000000000010100000000000000000000000000000
0000000100001100011000100000000011001000000100111000001000000000000010000000001100010000000010000000000000000010001000001001000
0000000000000000000010000000000010000100000000000001000000000000100000000000001000000000000000000000100000000000000000001000000
0000000000000100000010000000000000000000000000000000000000001010001000000000010000000000000000000000000000010000001000000000000
0000011000101100011000000000000010001001010100100001001000000000101010000000010010001000000000000000000000000010001000000001000
0000000000000000000000000000000000000000000000000000000000000000000000000000000000000000000000000000000000000000000000000000000
0000000000000000000000010000000010000000000001000010000010000000000000000000000000000001000101100000000000100001000001000110000
0010001001001110010010000101000011001000000000100001101000001000110010000110001000001001000000000000000000000000001000001001000
0010000000001000000010000000000000000001000100000000000000000000100010011000010000011000000010001000000000000010001000010001000
0000000000000100011000000000000000000000000000000000000000000000000000010000000000010000000000000000000000000000000000001000000
0000000010000000000000000000000000000000000000000100000000000000000000000010000000000000000000000000000000000000000000000000001
0000000000000000000000000000000000000000000000000000000100010000000000000000000000000100000000000000000000000000000000000000000
0000000000000000000000000000000000000000000000000000000000000000000000000000000000000000000000000000000000000000000000000000000
0000000000000100000000000000000000000000000000000001000000000000100010010000001100000000000000000000000100000000000000010000000
0010001000000100010000000000000000001000000000100010100000000000110010000010011000000001000000000000000000000010001000000101000
0000100000000000000000000000000000100000000000000000000010110000000000000000000001000010000001000000000010000000000000000000000
0000000000000000000000000001000000000000000000000000000000100000000000000000000000000100000000000100000010000000000000000010000
0001001000000100010110010000000010100001101001000000100010001000110011000000110000001000100000000000000000100010000001001110000
0001001001000100000000010100000011000000000000000011000000101000110010000000000000000001000000000001000000000010001000001110000
0000000000000000000000000000000010000000000000000000000000000000000000000000000000000000000000010000000000000000000000000000000
0000000000000000000000000000000000000000000000000000000100000000000000000000000000000000000000000000000000000000000000000000000
0000000010000001000000000000000000000000000000100000000010001000100000000000100000000000000001000000000000000000001000000110000
0000000000000000000100000110000100000000000001010001000010001000101000010000001000000000000000000000000000001000100010000000000
0000100010000000100000001000000000000000000000001000000000000000000000000000100000000100000100000000001000000000000001000010000
0000000000000000000010000000010001000100000000000001000000000000100000000000100000000000000000010100001000000100000010000100000
0000000000000000000110000000010000100000000000100000000010001000100000100000000000000000010000100100001000000000000000000000000
0010000000000000010000000000001000000000000100000000000000000000100000000000001000000000000000000000000100000000000000000001000
0000000001011000000010000000000000000000000000000001000000000000100010100000000000000010000000110000101000000000000010100110000
0000000000000000000000000000000000000000001000000000000000000000100010000000000000000000000000000000000000000000000000001000000
0000000000000000000000000000000000000000000001000001000010001000100000000000000000000000100000000000001000000000000000001100000
0000000001101100000010100000000000000000110000100001000000000000000010001000000000000000000000000100000000100000000000001000000
0000000000000000000000000000000000000000000000000000000000000000000000000000000000000000000000000000000000000000000000000000000
0000000000000000000100000000000001001000000011000000000000100000100000000000000000000000000001110101000010000000010000100110100
0000000000000000010000000000000000100000000000000000010000000000000000000000000000010000000000001000000000000000000000000000000
0000000000000100000000000000000001000000000000001000000010000000101000000000000000000110000000000000001000000000000000000000000
0000000001000110000000000000000011000000000000101001000000000000100000000000000000000000000000000000000000000000000100001100000
0000000000000100000001010000000000000000000000100000000010100000110010000000100000000001000000000000100000000000000001001000000
0000000000000000000000000000000000000000000000000000000100000000000000000100000000000000000000000000000000000000000000000000000
1000000000000100000000000010010000000000000000011001001010100000000000000000000000000000000010000000000000000000000000000100000
0000000000000000000000000000010000000000000000000000000000000000000100000000000000000000000000100000000000000000000000000000000
0001010000000100000000000100000010001000000000000010100000000000110010010010001000001001100000000000000000000000001100001000000
0000000000000000000000000000000000000000000000000000000000000000000000000000100000000000000000000000000000000000000001001000000
0000010000000000000000000000000000001000000000000000010010000000000000000000000000000000000010000000000000000000000000001000000
0000001000000000000000000000000000000000000010000000000000100000000000000000000000000000000000000000001000000000000000001100000
0000001001000100010010000101100011001001000100100010001010000000111010010110011000001000100100000000000000000010000000001100000
0000000000000000000000100000000000000000100000000010000000000000000000000000000000000000000000000000000001000010000000010001000
0000000000000000000000000000000001000000000000100000000000001000100000000000000000000000000010100100000000000000000000001000000
0000000000000000000000010000000001000000000001000000000010000000000001000000100000000001000001000000000000100001000000001000100
0000000000000000000000000000000000000000000000000000000000000000000000000000000000000000000000000100001000000000000000000100000
0000000000001100011000000000001000001000100000000001000000001000100000000000001000010000000000000000000000000000000100000001000
0001001001101101010010100101101011111001111101100011000101001100110011011000010100000001100000000011100001100011111011000111100
0000001001000000000100011111001011011010000000110010000000001000100011000000100000001001100100100101001001001000011000101010100
0000000000100100000000110000000011000000000000100010000010100000110000000000100000000011100101000100001000000000000000001100000
0010001000101100011000100101100010001001000000100001000000000000100010010010011000001000000000001000000000000000000100011000000
0000000000000000000100000000001011000000000001000000100010000000100011000000000000000000000000000000001000000000000001001100000
0000000000000000000000000000001000000000000000000000000000000000000100000000000000000000000000000000000000000000000000000000000
0000000000000000000000000000000000000000000000000000000000000000000000000000000010000000000000000000000000000000000000000000000